56.0
57.0
56.666666666666664
56.5
56.4
64.33333333333333
75.71428571428571
79.0
78.0
80.6
82.54545454545455
81.66666666666667
83.07692307692308
84.42857142857143
82.4
83.75
82.0
83.11111111111111
84.0
82.4
81.14285714285714
82.0909090909091
80.95652173913044
80.08333333333333
80.64
79.84615384615384
79.11111111111111
78.42857142857143
78.89655172413794
78.26666666666667
78.58064516129032
78.0
78.42424242424242
78.76470588235294
79.14285714285714
79.44444444444444
79.78378378378379
79.3157894736842
78.87179487179488
79.15
78.8780487804878
78.61904761904762
78.37209302325581
78.13636363636364
77.86666666666666
77.34782608695652
76.80851063829788
76.29166666666667
75.83673469387755
75.4
75.01960784313725
74.65384615384616
74.30188679245283
73.96296296296296
73.63636363636364
73.25
73.05263157894737
72.86206896551724
72.67796610169492
72.53333333333333
72.39344262295081
72.25806451612904
72.12698412698413
84.00000000000001
75.0
74.0
73.5
69.6
69.0
68.57142857142857
69.0
69.33333333333333
67.8
66.54545454545455
65.5
64.61538461538461
63.857142857142854
63.2
60.0
60.0
0.0
0.0
0.0
0.0
0.0
0.0
0.0
0.0
0.0
0.0
0.0
0.0
0.0
0.0
0.0
0.0
0.0
0.0
0.0
0.0
0.0
1.0
1.0
1.0
1.0
1.0
1.0
1.0
1.0
1.0
1.0
1.0
60.0
60.0
60.0
60.0
60.0
60.0
60.0
60.0
60.0
60.0
60.0
60.0
60.0
60.0
60.0
60.0
60.0
60.0
60.0
60.0
60.0
60.0
60.0
60.0
60.0
60.0
60.0
60.0
60.0
60.0
60.0
60.0
60.0
60.0
60.0
60.0
60.0
60.0
60.0
60.0
60.0
60.0
60.0
60.0
60.0
60.0
60.0
60.0
60.0
60.0
60.0
60.0
60.0
60.0
60.0
60.0
54.0
54.0
54.0
54.0
54.0
54.0
54.0
54.0
54.0
54.0
54.0
54.0
63.23076923076923
71.14285714285714
75.6
74.625
73.76470588235294
73.0
72.3157894736842
71.4
72.57142857142857
72.0
71.73913043478261
71.5
72.48
72.0
72.44444444444444
72.0
71.58620689655173
71.2
70.83870967741936
70.5
70.18181818181819
69.70588235294117
69.25714285714285
68.83333333333333
68.43243243243244
68.21052631578948
68.61538461538461
69.3
69.8048780487805
70.42857142857143
70.88372093023256
71.45454545454545
72.26666666666667
72.91304347826087
73.14893617021276
72.75
72.36734693877551
72.0
71.6470588235294
71.3076923076923
70.98113207547169
70.66666666666667
70.47272727272727
71.78571428571429
71.57894736842105
72.51724137931035
72.30508474576271
72.1
71.90163934426229
73.45161290322581
73.23809523809524
74.625
76.06153846153846
75.72727272727273
75.40298507462687
75.08823529411765
74.95652173913044
75.0
75.54929577464789
75.75
76.02739726027397
75.72972972972973
75.44
75.15789473684211
75.03896103896103
74.76923076923077
74.50632911392405
74.25
74.44444444444444
74.41463414634147
74.3855421686747
74.35714285714286
74.11764705882354
73.88372093023256
73.65517241379311
73.43181818181819
73.21348314606742
73.0
72.92307692307692
72.84782608695652
72.83870967741936
60.0
60.0
90.0
80.0
90.0
96.0
100.0
102.85714285714286
105.0
106.66666666666667
108.0
109.0909090909091
110.0
106.15384615384616
102.85714285714286
60.0
78.0
81.0
80.0
87.0
90.0
92.0
102.85714285714286
99.0
95.33333333333333
92.4
89.45454545454545
87.0
84.92307692307692
83.14285714285714
60.0
60.0
62.0
64.5
66.0
67.0
66.0
66.0
64.66666666666667
69.0
68.72727272727273
70.0
72.92307692307692
75.0
76.8
77.625
79.41176470588235
80.33333333333333
80.84210526315789
81.0
80.57142857142857
79.9090909090909
79.30434782608695
79.0
54.0
54.0
54.0
54.0
54.0
54.0
54.0
54.0
54.0
54.0
54.0
54.5
54.92307692307692
55.714285714285715
56.4
57.0
57.1764705882353
57.333333333333336
57.473684210526315
57.3
57.142857142857146
57.81818181818182
58.43478260869565
58.25
58.08
57.92307692307692
57.77777777777778
57.642857142857146
57.51724137931034
60.0
60.0
60.0
60.0
60.0
60.0
60.0
60.0
60.0
63.0
84.0
98.0
108.0
114.75
120.0
124.8
121.0909090909091
117.5
117.23076923076923
113.57142857142857
110.4
107.25
104.47058823529412
102.0
99.78947368421052
97.8
96.0
94.0909090909091
92.34782608695652
90.75
89.28
88.15384615384616
87.11111111111111
90.21428571428571
88.96551724137932
87.8
